leftcorner: (97, 45)
rightcorner: (448, 430)
angle: 2.400000000000001
hue: (0, 35)
sat: (0, 35)
val: (0, 35)
ratio: 0.9090909090909091
startframe: 0
